     0.100000000000E-01    -0.721810374600E-13
     0.200000000000E-01     0.643505837809E-13
     0.300000000000E-01    -0.472228457509E-13
     0.400000000000E-01     0.184061817979E-13
     0.500000000000E-01     0.245697711986E-13
     0.600000000000E-01    -0.836945936817E-13
     0.700000000000E-01     0.158897295820E-12
     0.800000000000E-01    -0.245574258628E-12
     0.900000000000E-01     0.332243726888E-12
     0.100000000000E+00    -0.399884932025E-12
     0.110000000000E+00     0.424097063891E-12
     0.120000000000E+00    -0.379774689344E-12
     0.130000000000E+00     0.246275086912E-12
     0.140000000000E+00    -0.102178634748E-13
     0.150000000000E+00    -0.336000812676E-12
     0.160000000000E+00     0.799318781736E-12
     0.170000000000E+00    -0.139123987938E-11
     0.180000000000E+00     0.212866660063E-11
     0.190000000000E+00    -0.302813069758E-11
     0.200000000000E+00     0.409626412651E-11
     0.210000000000E+00    -0.532375749387E-11
     0.220000000000E+00     0.668936260551E-11
     0.230000000000E+00    -0.817314271817E-11
     0.240000000000E+00     0.976882637282E-11
     0.250000000000E+00    -0.114833637391E-10
     0.260000000000E+00     0.133237830491E-10
     0.270000000000E+00    -0.152913601920E-10
     0.280000000000E+00     0.174122886248E-10
     0.290000000000E+00    -0.198148216585E-10
     0.300000000000E+00     0.228178378969E-10
     0.310000000000E+00    -0.269553355331E-10
     0.320000000000E+00     0.328671811989E-10
     0.330000000000E+00    -0.410536084294E-10
     0.340000000000E+00     0.515844485183E-10
     0.350000000000E+00    -0.639009262171E-10
     0.360000000000E+00     0.767944527413E-10
     0.370000000000E+00    -0.885169854081E-10
     0.380000000000E+00     0.968800456524E-10
     0.390000000000E+00    -0.992622650742E-10
     0.400000000000E+00     0.926926105316E-10
     0.410000000000E+00    -0.744461159385E-10
     0.420000000000E+00     0.435695646228E-10
     0.430000000000E+00    -0.320419125260E-11
     0.440000000000E+00    -0.373817539423E-10
     0.450000000000E+00     0.628765858823E-10
     0.460000000000E+00    -0.556403187413E-10
     0.470000000000E+00     0.281814914287E-11
     0.480000000000E+00     0.959070600715E-10
     0.490000000000E+00    -0.224350857336E-09
     0.500000000000E+00     0.353239909545E-09
     0.510000000000E+00    -0.450926990192E-09
     0.520000000000E+00     0.496553909102E-09
     0.530000000000E+00    -0.487901830049E-09
     0.540000000000E+00     0.437548386412E-09
     0.550000000000E+00    -0.356697033022E-09
     0.560000000000E+00     0.233588953735E-09
     0.570000000000E+00    -0.187668647983E-10
     0.580000000000E+00    -0.370833391772E-09
     0.590000000000E+00     0.102438701965E-08
     0.600000000000E+00    -0.199456295924E-08
     0.610000000000E+00     0.326099436343E-08
     0.620000000000E+00    -0.472567407428E-08
     0.630000000000E+00     0.625511109575E-08
     0.640000000000E+00    -0.775775177431E-08
     0.650000000000E+00     0.925583787392E-08
     0.660000000000E+00    -0.108988640335E-07
     0.670000000000E+00     0.128865416116E-07
     0.680000000000E+00    -0.153193315811E-07
     0.690000000000E+00     0.180494161839E-07
     0.700000000000E+00    -0.206293861993E-07
     0.710000000000E+00     0.224251870407E-07
     0.720000000000E+00    -0.228760317356E-07
     0.730000000000E+00     0.217815756542E-07
     0.740000000000E+00    -0.194313010127E-07
     0.750000000000E+00     0.164163100891E-07
     0.760000000000E+00    -0.130990072122E-07
     0.770000000000E+00     0.892410767506E-08
     0.780000000000E+00    -0.194043092705E-08
     0.790000000000E+00    -0.110532996089E-07
     0.800000000000E+00     0.335111138838E-07
     0.810000000000E+00    -0.674684841329E-07
     0.820000000000E+00     0.111850475548E-06
     0.830000000000E+00    -0.161699347245E-06
     0.840000000000E+00     0.209108080185E-06
     0.850000000000E+00    -0.245992993086E-06
     0.860000000000E+00     0.267933927489E-06
     0.870000000000E+00    -0.277618823930E-06
     0.880000000000E+00     0.286351252043E-06
     0.890000000000E+00    -0.312689195425E-06
     0.900000000000E+00     0.378289371383E-06
     0.910000000000E+00    -0.502012881043E-06
     0.920000000000E+00     0.693970434895E-06
     0.930000000000E+00    -0.951267054461E-06
     0.940000000000E+00     0.125670203488E-05
     0.950000000000E+00    -0.158071759415E-05
     0.960000000000E+00     0.188587671346E-05
     0.970000000000E+00    -0.213268799598E-05
     0.980000000000E+00     0.228599355978E-05
     0.990000000000E+00    -0.232190996030E-05
     0.100000000000E+01     0.223528036258E-05
     0.101000000000E+01    -0.204573530027E-05
     0.102000000000E+01     0.179756534635E-05
     0.103000000000E+01    -0.154745407599E-05
     0.104000000000E+01     0.133789546908E-05
     0.105000000000E+01    -0.116333603728E-05
     0.106000000000E+01     0.946178772665E-06
     0.107000000000E+01    -0.542839075024E-06
     0.108000000000E+01    -0.210127296896E-06
     0.109000000000E+01     0.142149781368E-05
     0.110000000000E+01    -0.307607001560E-05
     0.111000000000E+01     0.501087970406E-05
     0.112000000000E+01    -0.695950711815E-05
     0.113000000000E+01     0.865077072376E-05
     0.114000000000E+01    -0.991408614937E-05
     0.115000000000E+01     0.107353616841E-04
     0.116000000000E+01    -0.112333891593E-04
     0.117000000000E+01     0.115727270895E-04
     0.118000000000E+01    -0.118660300359E-04
     0.119000000000E+01     0.121238863358E-04
     0.120000000000E+01    -0.122817173178E-04
     0.121000000000E+01     0.122886367535E-04
     0.122000000000E+01    -0.122022402138E-04
     0.123000000000E+01     0.122095207189E-04
     0.124000000000E+01    -0.124986072478E-04
     0.125000000000E+01     0.129560658024E-04
     0.126000000000E+01    -0.127724624690E-04
     0.127000000000E+01     0.101776468000E-04
     0.128000000000E+01    -0.260547585640E-05
     0.129000000000E+01    -0.125171100080E-04
     0.130000000000E+01     0.364951229130E-04
     0.131000000000E+01    -0.681677774992E-04
     0.132000000000E+01     0.103565776953E-03
     0.133000000000E+01    -0.136941365781E-03
     0.134000000000E+01     0.162978089065E-03
     0.135000000000E+01    -0.179210794158E-03
     0.136000000000E+01     0.187356403330E-03
     0.137000000000E+01    -0.192639650777E-03
     0.138000000000E+01     0.201111382921E-03
     0.139000000000E+01    -0.215926484088E-03
     0.140000000000E+01     0.234156046645E-03
     0.141000000000E+01    -0.245770905167E-03
     0.142000000000E+01     0.235919025727E-03
     0.143000000000E+01    -0.190491278772E-03
     0.144000000000E+01     0.103381004010E-03
     0.145000000000E+01     0.175724071596E-04
     0.146000000000E+01    -0.149145766045E-03
     0.147000000000E+01     0.257305451669E-03
     0.148000000000E+01    -0.306430418277E-03
     0.149000000000E+01     0.269642216153E-03
     0.150000000000E+01    -0.136771399411E-03
     0.151000000000E+01    -0.814863742562E-04
     0.152000000000E+01     0.352720817318E-03
     0.153000000000E+01    -0.624640728347E-03
     0.154000000000E+01     0.830308825243E-03
     0.155000000000E+01    -0.898249854799E-03
     0.156000000000E+01     0.767692865338E-03
     0.157000000000E+01    -0.406783714425E-03
     0.158000000000E+01    -0.170309125679E-03
     0.159000000000E+01     0.892215757631E-03
     0.160000000000E+01    -0.163000973407E-02
     0.161000000000E+01     0.221183290705E-02
     0.162000000000E+01    -0.245377747342E-02
     0.163000000000E+01     0.220309407450E-02
     0.164000000000E+01    -0.138484092895E-02
     0.165000000000E+01     0.414154164901E-04
     0.166000000000E+01     0.164454220794E-02
     0.167000000000E+01    -0.335280131549E-02
     0.168000000000E+01     0.466276053339E-02
     0.169000000000E+01    -0.513002648950E-02
     0.170000000000E+01     0.439500575885E-02
     0.171000000000E+01    -0.230094394647E-02
     0.172000000000E+01    -0.100976903923E-02
     0.173000000000E+01     0.505045847967E-02
     0.174000000000E+01    -0.901796761900E-02
     0.175000000000E+01     0.119047816843E-01
     0.176000000000E+01    -0.126895448193E-01
     0.177000000000E+01     0.105752097443E-01
     0.178000000000E+01    -0.522421766073E-02
     0.179000000000E+01    -0.306007754989E-02
     0.180000000000E+01     0.132429050282E-01
     0.181000000000E+01    -0.235901735723E-01
     0.182000000000E+01     0.318628586829E-01
     0.183000000000E+01    -0.357086807489E-01
     0.184000000000E+01     0.332444086671E-01
     0.185000000000E+01    -0.237601250410E-01
     0.186000000000E+01     0.843241065741E-02
     0.187000000000E+01     0.908876117319E-02
     0.188000000000E+01    -0.223880521953E-01
     0.189000000000E+01     0.225057080388E-01
     0.190000000000E+01     0.110299943481E-02
     0.191000000000E+01    -0.587355978787E-01
     0.192000000000E+01     0.157786935568E+00
     0.193000000000E+01    -0.299580842257E+00
     0.194000000000E+01     0.476391077042E+00
     0.195000000000E+01    -0.669878959656E+00
     0.196000000000E+01     0.852512776852E+00
     0.197000000000E+01    -0.993054449558E+00
     0.198000000000E+01     0.106551349163E+01
     0.199000000000E+01    -0.105864405632E+01
     0.200000000000E+01     0.981569647789E+00
     0.201000000000E+01    -0.861907780170E+00
     0.202000000000E+01     0.735939800739E+00
     0.203000000000E+01    -0.634398818016E+00
     0.204000000000E+01     0.569997608662E+00
     0.205000000000E+01    -0.532289266586E+00
     0.206000000000E+01     0.492033720016E+00
     0.207000000000E+01    -0.412801206112E+00
     0.208000000000E+01     0.264444172382E+00
     0.209000000000E+01    -0.326839834452E-01
     0.210000000000E+01    -0.278909534216E+00
     0.211000000000E+01     0.655110120773E+00
     0.212000000000E+01    -0.108077442646E+01
     0.213000000000E+01     0.155276536942E+01
     0.214000000000E+01    -0.208507561684E+01
     0.215000000000E+01     0.270127606392E+01
     0.216000000000E+01    -0.341387367249E+01
     0.217000000000E+01     0.419912624359E+01
     0.218000000000E+01    -0.498342895508E+01
     0.219000000000E+01     0.565656089783E+01
     0.220000000000E+01    -0.611410951614E+01
     0.221000000000E+01     0.631102371216E+01
     0.222000000000E+01    -0.629346704483E+01
     0.223000000000E+01     0.618055677414E+01
     0.224000000000E+01    -0.609404516220E+01
     0.225000000000E+01     0.606868600845E+01
     0.226000000000E+01    -0.599563312531E+01
     0.227000000000E+01     0.563959550858E+01
     0.228000000000E+01    -0.473233795166E+01
     0.229000000000E+01     0.310363745689E+01
     0.230000000000E+01    -0.790319442749E+00
     0.231000000000E+01    -0.192637634277E+01
     0.232000000000E+01     0.457386302948E+01
     0.233000000000E+01    -0.661377239227E+01
     0.234000000000E+01     0.759253025055E+01
     0.235000000000E+01    -0.725568151474E+01
     0.236000000000E+01     0.557406854630E+01
     0.237000000000E+01    -0.266448140144E+01
     0.238000000000E+01    -0.136443996429E+01
     0.239000000000E+01     0.657299995422E+01
     0.240000000000E+01    -0.132846136093E+02
     0.241000000000E+01     0.220660629272E+02
     0.242000000000E+01    -0.335813026428E+02
     0.243000000000E+01     0.483296241760E+02
     0.244000000000E+01    -0.662980270386E+02
     0.245000000000E+01     0.866005020142E+02
     0.246000000000E+01    -0.107251724243E+03
     0.247000000000E+01     0.125275718689E+03
     0.248000000000E+01    -0.137287902832E+03
     0.249000000000E+01     0.140471786499E+03
     0.250000000000E+01    -0.133592086792E+03
     0.251000000000E+01     0.117546203613E+03
     0.252000000000E+01    -0.951076965332E+02
     0.253000000000E+01     0.699181137085E+02
     0.254000000000E+01    -0.452037506104E+02
     0.255000000000E+01     0.228594532013E+02
     0.256000000000E+01    -0.333492064476E+01
     0.257000000000E+01    -0.137069034576E+02
     0.258000000000E+01     0.284273128510E+02
     0.259000000000E+01    -0.401391143799E+02
     0.260000000000E+01     0.472560882568E+02
     0.261000000000E+01    -0.477610359192E+02
     0.262000000000E+01     0.398294067383E+02
     0.263000000000E+01    -0.223373336792E+02
     0.264000000000E+01    -0.473489093781E+01
     0.265000000000E+01     0.398377990723E+02
     0.266000000000E+01    -0.792616882324E+02
     0.267000000000E+01     0.116568176270E+03
     0.268000000000E+01    -0.142339401245E+03
     0.269000000000E+01     0.144616226196E+03
     0.270000000000E+01    -0.110415855408E+03
     0.271000000000E+01     0.284893379211E+02
     0.272000000000E+01     0.107212196350E+03
     0.273000000000E+01    -0.294771362305E+03
     0.274000000000E+01     0.523876403809E+03
     0.275000000000E+01    -0.778309387207E+03
     0.276000000000E+01     0.104003088379E+04
     0.277000000000E+01    -0.129223400879E+04
     0.278000000000E+01     0.151930334473E+04
     0.279000000000E+01    -0.170392565918E+04
     0.280000000000E+01     0.182416320801E+04
     0.281000000000E+01    -0.185419189453E+04
     0.282000000000E+01     0.177063427734E+04
     0.283000000000E+01    -0.156271923828E+04
     0.284000000000E+01     0.124108081055E+04
     0.285000000000E+01    -0.839447570801E+03
     0.286000000000E+01     0.406912933350E+03
     0.287000000000E+01     0.578368568420E+01
     0.288000000000E+01    -0.358374908447E+03
     0.289000000000E+01     0.624988403320E+03
     0.290000000000E+01    -0.789336242676E+03
     0.291000000000E+01     0.837423767090E+03
     0.292000000000E+01    -0.756024108887E+03
     0.293000000000E+01     0.540462951660E+03
     0.294000000000E+01    -0.207427154541E+03
     0.295000000000E+01    -0.196347244263E+03
     0.296000000000E+01     0.597048889160E+03
     0.297000000000E+01    -0.909412048340E+03
     0.298000000000E+01     0.105911511230E+04
     0.299000000000E+01    -0.100272155762E+04
     0.300000000000E+01     0.736982177734E+03
     0.301000000000E+01    -0.293463531494E+03
     0.302000000000E+01    -0.279702301025E+03
     0.303000000000E+01     0.940877563477E+03
     0.304000000000E+01    -0.167008032227E+04
     0.305000000000E+01     0.246440429688E+04
     0.306000000000E+01    -0.331095385742E+04
     0.307000000000E+01     0.414944628906E+04
     0.308000000000E+01    -0.484825488281E+04
     0.309000000000E+01     0.521617773438E+04
     0.310000000000E+01    -0.505487841797E+04
     0.311000000000E+01     0.423248876953E+04
     0.312000000000E+01    -0.274242016602E+04
     0.313000000000E+01     0.714971374512E+03
     0.314000000000E+01     0.162688720703E+04
     0.315000000000E+01    -0.404426196289E+04
     0.316000000000E+01     0.634729931641E+04
     0.317000000000E+01    -0.840867675781E+04
     0.318000000000E+01     0.101178115234E+05
     0.319000000000E+01    -0.113103007812E+05
     0.320000000000E+01     0.117324980469E+05
     0.321000000000E+01    -0.110878466797E+05
     0.322000000000E+01     0.916346679688E+04
     0.323000000000E+01    -0.598234472656E+04
     0.324000000000E+01     0.190458032227E+04
     0.325000000000E+01     0.237680151367E+04
     0.326000000000E+01    -0.595222607422E+04
     0.327000000000E+01     0.788973291016E+04
     0.328000000000E+01    -0.745519433594E+04
     0.329000000000E+01     0.430841162109E+04
     0.330000000000E+01     0.136954663086E+04
     0.331000000000E+01    -0.885654785156E+04
     0.332000000000E+01     0.170013574219E+05
     0.333000000000E+01    -0.244600625000E+05
     0.334000000000E+01     0.300087519531E+05
     0.335000000000E+01    -0.328504960938E+05
     0.336000000000E+01     0.328227617188E+05
     0.337000000000E+01    -0.304266113281E+05
     0.338000000000E+01     0.266463535156E+05
     0.339000000000E+01    -0.226051191406E+05
     0.340000000000E+01     0.191836894531E+05
     0.341000000000E+01    -0.167620781250E+05
     0.342000000000E+01     0.151874199219E+05
     0.343000000000E+01    -0.139478769531E+05
     0.344000000000E+01     0.124281923828E+05
     0.345000000000E+01    -0.101136923828E+05
     0.346000000000E+01     0.669274902344E+04
     0.347000000000E+01    -0.209622705078E+04
     0.348000000000E+01    -0.347197192383E+04
     0.349000000000E+01     0.952040429688E+04
     0.350000000000E+01    -0.153393896484E+05
     0.351000000000E+01     0.202092851562E+05
     0.352000000000E+01    -0.237091113281E+05
     0.353000000000E+01     0.259865234375E+05
     0.354000000000E+01    -0.278265410156E+05
     0.355000000000E+01     0.304406113281E+05
     0.356000000000E+01    -0.350332226562E+05
     0.357000000000E+01     0.423080156250E+05
     0.358000000000E+01    -0.520948398438E+05
     0.359000000000E+01     0.632276406250E+05
     0.360000000000E+01    -0.737141250000E+05
     0.361000000000E+01     0.811468984375E+05
     0.362000000000E+01    -0.832270390625E+05
     0.363000000000E+01     0.782423125000E+05
     0.364000000000E+01    -0.653880156250E+05
     0.365000000000E+01     0.449280351562E+05
     0.366000000000E+01    -0.182748457031E+05
     0.367000000000E+01    -0.119591982422E+05
     0.368000000000E+01     0.420193359375E+05
     0.369000000000E+01    -0.673588437500E+05
     0.370000000000E+01     0.834200781250E+05
     0.371000000000E+01    -0.867649296875E+05
     0.372000000000E+01     0.762252031250E+05
     0.373000000000E+01    -0.536166914062E+05
     0.374000000000E+01     0.236468789062E+05
     0.375000000000E+01     0.710065869141E+04
     0.376000000000E+01    -0.318757304688E+05
     0.377000000000E+01     0.456176914062E+05
     0.378000000000E+01    -0.462516992188E+05
     0.379000000000E+01     0.348831328125E+05
     0.380000000000E+01    -0.148356132812E+05
     0.381000000000E+01    -0.993220507812E+04
     0.382000000000E+01     0.362081835938E+05
     0.383000000000E+01    -0.620956679688E+05
     0.384000000000E+01     0.867249296875E+05
     0.385000000000E+01    -0.109542343750E+06
     0.386000000000E+01     0.129732632812E+06
     0.387000000000E+01    -0.146109390625E+06
     0.388000000000E+01     0.157526906250E+06
     0.389000000000E+01    -0.163655359375E+06
     0.390000000000E+01     0.165807890625E+06
     0.391000000000E+01    -0.167323062500E+06
     0.392000000000E+01     0.172949296875E+06
     0.393000000000E+01    -0.186973546875E+06
     0.394000000000E+01     0.210578296875E+06
     0.395000000000E+01    -0.239692390625E+06
     0.396000000000E+01     0.264836906250E+06
     0.397000000000E+01    -0.273727156250E+06
     0.398000000000E+01     0.255967890625E+06
     0.399000000000E+01    -0.207831343750E+06
     0.400000000000E+01     0.134747593750E+06
     0.401000000000E+01    -0.500493906250E+05
     0.402000000000E+01    -0.296896582031E+05
     0.403000000000E+01     0.906959375000E+05
     0.404000000000E+01    -0.126638234375E+06
     0.405000000000E+01     0.139731046875E+06
     0.406000000000E+01    -0.137857812500E+06
     0.407000000000E+01     0.129315132812E+06
     0.408000000000E+01    -0.118055109375E+06
     0.409000000000E+01     0.102095101562E+06
     0.410000000000E+01    -0.759863515625E+05
     0.411000000000E+01     0.359070117188E+05
     0.412000000000E+01     0.156395000000E+05
     0.413000000000E+01    -0.683735546875E+05
     0.414000000000E+01     0.107174171875E+06
     0.415000000000E+01    -0.118168453125E+06
     0.416000000000E+01     0.950697343750E+05
     0.417000000000E+01    -0.426384531250E+05
     0.418000000000E+01    -0.244184101562E+05
     0.419000000000E+01     0.865596953125E+05
     0.420000000000E+01    -0.126092101562E+06
     0.421000000000E+01     0.132559828125E+06
     0.422000000000E+01    -0.104959578125E+06
     0.423000000000E+01     0.505686679688E+05
     0.424000000000E+01     0.185942968750E+05
     0.425000000000E+01    -0.901063437500E+05
     0.426000000000E+01     0.154789859375E+06
     0.427000000000E+01    -0.208505000000E+06
     0.428000000000E+01     0.251635406250E+06
     0.429000000000E+01    -0.286769562500E+06
     0.430000000000E+01     0.316040781250E+06
     0.431000000000E+01    -0.339681656250E+06
     0.432000000000E+01     0.356458000000E+06
     0.433000000000E+01    -0.365144093750E+06
     0.434000000000E+01     0.365483531250E+06
     0.435000000000E+01    -0.357687093750E+06
     0.436000000000E+01     0.341155156250E+06
     0.437000000000E+01    -0.314074906250E+06
     0.438000000000E+01     0.274995750000E+06
     0.439000000000E+01    -0.225627343750E+06
     0.440000000000E+01     0.172763218750E+06
     0.441000000000E+01    -0.127398117188E+06
     0.442000000000E+01     0.100880679688E+06
     0.443000000000E+01    -0.997832968750E+05
     0.444000000000E+01     0.122141328125E+06
     0.445000000000E+01    -0.157097578125E+06
     0.446000000000E+01     0.188434437500E+06
     0.447000000000E+01    -0.200437062500E+06
     0.448000000000E+01     0.183314375000E+06
     0.449000000000E+01    -0.135513265625E+06
     0.450000000000E+01     0.621338164062E+05
     0.451000000000E+01     0.291034941406E+05
     0.452000000000E+01    -0.131485406250E+06
     0.453000000000E+01     0.240411843750E+06
     0.454000000000E+01    -0.351795187500E+06
     0.455000000000E+01     0.459529500000E+06
     0.456000000000E+01    -0.554081500000E+06
     0.457000000000E+01     0.623246437500E+06
     0.458000000000E+01    -0.654487000000E+06
     0.459000000000E+01     0.637665062500E+06
     0.460000000000E+01    -0.567178000000E+06
     0.461000000000E+01     0.443348968750E+06
     0.462000000000E+01    -0.273152968750E+06
     0.463000000000E+01     0.703302578125E+05
     0.464000000000E+01     0.145477812500E+06
     0.465000000000E+01    -0.350877562500E+06
     0.466000000000E+01     0.522374281250E+06
     0.467000000000E+01    -0.641101250000E+06
     0.468000000000E+01     0.697601625000E+06
     0.469000000000E+01    -0.694800937500E+06
     0.470000000000E+01     0.647455062500E+06
     0.471000000000E+01    -0.577368312500E+06
     0.472000000000E+01     0.505800187500E+06
     0.473000000000E+01    -0.445925437500E+06
     0.474000000000E+01     0.398520343750E+06
     0.475000000000E+01    -0.352486031250E+06
     0.476000000000E+01     0.289932468750E+06
     0.477000000000E+01    -0.193686046875E+06
     0.478000000000E+01     0.544847421875E+05
     0.479000000000E+01     0.124799890625E+06
     0.480000000000E+01    -0.329191781250E+06
     0.481000000000E+01     0.535604312500E+06
     0.482000000000E+01    -0.718844937500E+06
     0.483000000000E+01     0.857444250000E+06
     0.484000000000E+01    -0.937674375000E+06
     0.485000000000E+01     0.955506250000E+06
     0.486000000000E+01    -0.916759437500E+06
     0.487000000000E+01     0.835805875000E+06
     0.488000000000E+01    -0.732625750000E+06
     0.489000000000E+01     0.628363375000E+06
     0.490000000000E+01    -0.540161312500E+06
     0.491000000000E+01     0.477067562500E+06
     0.492000000000E+01    -0.438483937500E+06
     0.493000000000E+01     0.415668593750E+06
     0.494000000000E+01    -0.395211187500E+06
     0.495000000000E+01     0.363059812500E+06
     0.496000000000E+01    -0.307883250000E+06
     0.497000000000E+01     0.223490421875E+06
     0.498000000000E+01    -0.110096445312E+06
     0.499000000000E+01    -0.256063046875E+05
     0.500000000000E+01     0.171702484375E+06
     0.501000000000E+01    -0.313025718750E+06
     0.502000000000E+01     0.433173687500E+06
     0.503000000000E+01    -0.516103312500E+06
     0.504000000000E+01     0.547949500000E+06
     0.505000000000E+01    -0.519706343750E+06
     0.506000000000E+01     0.430716500000E+06
     0.507000000000E+01    -0.291297906250E+06
     0.508000000000E+01     0.122650929688E+06
     0.509000000000E+01     0.469707539062E+05
     0.510000000000E+01    -0.188742234375E+06
     0.511000000000E+01     0.280250093750E+06
     0.512000000000E+01    -0.310462718750E+06
     0.513000000000E+01     0.281318406250E+06
     0.514000000000E+01    -0.205611531250E+06
     0.515000000000E+01     0.102307078125E+06
     0.516000000000E+01     0.912739746094E+04
     0.517000000000E+01    -0.113465898438E+06
     0.518000000000E+01     0.202400203125E+06
     0.519000000000E+01    -0.274524437500E+06
     0.520000000000E+01     0.333046875000E+06
     0.521000000000E+01    -0.382029718750E+06
     0.522000000000E+01     0.422628968750E+06
     0.523000000000E+01    -0.450692968750E+06
     0.524000000000E+01     0.457097656250E+06
     0.525000000000E+01    -0.431100687500E+06
     0.526000000000E+01     0.365770312500E+06
     0.527000000000E+01    -0.262794718750E+06
     0.528000000000E+01     0.133964140625E+06
     0.529000000000E+01     0.198110571289E+04
     0.530000000000E+01    -0.125486882812E+06
     0.531000000000E+01     0.222169515625E+06
     0.532000000000E+01    -0.285789781250E+06
     0.533000000000E+01     0.317788156250E+06
     0.534000000000E+01    -0.324675000000E+06
     0.535000000000E+01     0.315266812500E+06
     0.536000000000E+01    -0.298628937500E+06
     0.537000000000E+01     0.282736093750E+06
     0.538000000000E+01    -0.273247718750E+06
     0.539000000000E+01     0.272477500000E+06
     0.540000000000E+01    -0.279036250000E+06
     0.541000000000E+01     0.288941593750E+06
     0.542000000000E+01    -0.297986843750E+06
     0.543000000000E+01     0.304307906250E+06
     0.544000000000E+01    -0.309403968750E+06
     0.545000000000E+01     0.316847406250E+06
     0.546000000000E+01    -0.329233187500E+06
     0.547000000000E+01     0.345348343750E+06
     0.548000000000E+01    -0.359265562500E+06
     0.549000000000E+01     0.362006187500E+06
     0.550000000000E+01    -0.344656312500E+06
     0.551000000000E+01     0.301340375000E+06
     0.552000000000E+01    -0.230797734375E+06
     0.553000000000E+01     0.136690843750E+06
     0.554000000000E+01    -0.272464843750E+05
     0.555000000000E+01    -0.853390625000E+05
     0.556000000000E+01     0.186357859375E+06
     0.557000000000E+01    -0.261492000000E+06
     0.558000000000E+01     0.300877875000E+06
     0.559000000000E+01    -0.302431031250E+06
     0.560000000000E+01     0.272390468750E+06
     0.561000000000E+01    -0.222246187500E+06
     0.562000000000E+01     0.163640203125E+06
     0.563000000000E+01    -0.104083179688E+06
     0.564000000000E+01     0.460257265625E+05
     0.565000000000E+01     0.104948935547E+05
     0.566000000000E+01    -0.636235117188E+05
     0.567000000000E+01     0.107052101562E+06
     0.568000000000E+01    -0.130964695312E+06
     0.569000000000E+01     0.126360617188E+06
     0.570000000000E+01    -0.902852968750E+05
     0.571000000000E+01     0.290184902344E+05
     0.572000000000E+01     0.428550234375E+05
     0.573000000000E+01    -0.107367046875E+06
     0.574000000000E+01     0.150023640625E+06
     0.575000000000E+01    -0.165290718750E+06
     0.576000000000E+01     0.158098390625E+06
     0.577000000000E+01    -0.140675281250E+06
     0.578000000000E+01     0.126540890625E+06
     0.579000000000E+01    -0.124618835938E+06
     0.580000000000E+01     0.136115265625E+06
     0.581000000000E+01    -0.155073875000E+06
     0.582000000000E+01     0.171913828125E+06
     0.583000000000E+01    -0.178013656250E+06
     0.584000000000E+01     0.169281640625E+06
     0.585000000000E+01    -0.147187984375E+06
     0.586000000000E+01     0.117154828125E+06
     0.587000000000E+01    -0.854495625000E+05
     0.588000000000E+01     0.564630468750E+05
     0.589000000000E+01    -0.316660371094E+05
     0.590000000000E+01     0.104262900391E+05
     0.591000000000E+01     0.828882617188E+04
     0.592000000000E+01    -0.244669960938E+05
     0.593000000000E+01     0.366090429688E+05
     0.594000000000E+01    -0.422509140625E+05
     0.595000000000E+01     0.390863320312E+05
     0.596000000000E+01    -0.261864179688E+05
     0.597000000000E+01     0.495517431641E+04
     0.598000000000E+01     0.206105781250E+05
     0.599000000000E+01    -0.446347539062E+05
     0.600000000000E+01     0.610506562500E+05
     0.601000000000E+01    -0.656313906250E+05
     0.602000000000E+01     0.574357109375E+05
     0.603000000000E+01    -0.388950781250E+05
     0.604000000000E+01     0.145731953125E+05
     0.605000000000E+01     0.106891513672E+05
     0.606000000000E+01    -0.332452539062E+05
     0.607000000000E+01     0.511837460938E+05
     0.608000000000E+01    -0.639870546875E+05
     0.609000000000E+01     0.718438359375E+05
     0.610000000000E+01    -0.751031718750E+05
     0.611000000000E+01     0.741146640625E+05
     0.612000000000E+01    -0.693348515625E+05
     0.613000000000E+01     0.614926328125E+05
     0.614000000000E+01    -0.516178945312E+05
     0.615000000000E+01     0.409233906250E+05
     0.616000000000E+01    -0.305886171875E+05
     0.617000000000E+01     0.215511835938E+05
     0.618000000000E+01    -0.143394824219E+05
     0.619000000000E+01     0.900014160156E+04
     0.620000000000E+01    -0.514112841797E+04
     0.621000000000E+01     0.213012597656E+04
     0.622000000000E+01     0.614500793457E+03
     0.623000000000E+01    -0.335585083008E+04
     0.624000000000E+01     0.596308544922E+04
     0.625000000000E+01    -0.807768457031E+04
     0.626000000000E+01     0.944001757812E+04
     0.627000000000E+01    -0.101544765625E+05
     0.628000000000E+01     0.107275820312E+05
     0.629000000000E+01    -0.118479990234E+05
     0.630000000000E+01     0.140696601562E+05
     0.631000000000E+01    -0.175800351562E+05
     0.632000000000E+01     0.221538574219E+05
     0.633000000000E+01    -0.272272539062E+05
     0.634000000000E+01     0.319961210938E+05
     0.635000000000E+01    -0.354949609375E+05
     0.636000000000E+01     0.367275742188E+05
     0.637000000000E+01    -0.349064531250E+05
     0.638000000000E+01     0.297671953125E+05
     0.639000000000E+01    -0.217929628906E+05
     0.640000000000E+01     0.121947812500E+05
     0.641000000000E+01    -0.260558349609E+04
     0.642000000000E+01    -0.537740576172E+04
     0.643000000000E+01     0.106048330078E+05
     0.644000000000E+01    -0.125868544922E+05
     0.645000000000E+01     0.114867861328E+05
     0.646000000000E+01    -0.796566210938E+04
     0.647000000000E+01     0.297578930664E+04
     0.648000000000E+01     0.244594213867E+04
     0.649000000000E+01    -0.735980224609E+04
     0.650000000000E+01     0.110698525391E+05
     0.651000000000E+01    -0.132084589844E+05
     0.652000000000E+01     0.137447978516E+05
     0.653000000000E+01    -0.129164277344E+05
     0.654000000000E+01     0.111128457031E+05
     0.655000000000E+01    -0.874563671875E+04
     0.656000000000E+01     0.614902783203E+04
     0.657000000000E+01    -0.353925463867E+04
     0.658000000000E+01     0.104283703613E+04
     0.659000000000E+01     0.123633593750E+04
     0.660000000000E+01    -0.315966137695E+04
     0.661000000000E+01     0.455233447266E+04
     0.662000000000E+01    -0.526046191406E+04
     0.663000000000E+01     0.523101708984E+04
     0.664000000000E+01    -0.455797314453E+04
     0.665000000000E+01     0.346306787109E+04
     0.666000000000E+01    -0.221783935547E+04
     0.667000000000E+01     0.105097424316E+04
     0.668000000000E+01    -0.868586807251E+02
     0.669000000000E+01    -0.657930603027E+03
     0.670000000000E+01     0.122979650879E+04
     0.671000000000E+01    -0.167592138672E+04
     0.672000000000E+01     0.200216271973E+04
     0.673000000000E+01    -0.216990283203E+04
     0.674000000000E+01     0.212798339844E+04
     0.675000000000E+01    -0.185436523438E+04
     0.676000000000E+01     0.138191625977E+04
     0.677000000000E+01    -0.794691711426E+03
     0.678000000000E+01     0.201790603638E+03
     0.679000000000E+01     0.295226745605E+03
     0.680000000000E+01    -0.625713928223E+03
     0.681000000000E+01     0.759152221680E+03
     0.682000000000E+01    -0.701708435059E+03
     0.683000000000E+01     0.485894561768E+03
     0.684000000000E+01    -0.157475143433E+03
     0.685000000000E+01    -0.235640853882E+03
     0.686000000000E+01     0.649651977539E+03
     0.687000000000E+01    -0.104490673828E+04
     0.688000000000E+01     0.138346459961E+04
     0.689000000000E+01    -0.162927124023E+04
     0.690000000000E+01     0.175445141602E+04
     0.691000000000E+01    -0.174861157227E+04
     0.692000000000E+01     0.162462426758E+04
     0.693000000000E+01    -0.141512304688E+04
     0.694000000000E+01     0.116076538086E+04
     0.695000000000E+01    -0.896636047363E+03
     0.696000000000E+01     0.644647583008E+03
     0.697000000000E+01    -0.414680084229E+03
     0.698000000000E+01     0.211498977661E+03
     0.699000000000E+01    -0.410149383545E+02
     0.700000000000E+01    -0.882827072144E+02
     0.701000000000E+01     0.168851425171E+03
     0.702000000000E+01    -0.198988708496E+03
     0.703000000000E+01     0.185513366699E+03
     0.704000000000E+01    -0.142404937744E+03
     0.705000000000E+01     0.864533996582E+02
     0.706000000000E+01    -0.322481651306E+02
     0.707000000000E+01    -0.109842834473E+02
     0.708000000000E+01     0.397847137451E+02
     0.709000000000E+01    -0.546646766663E+02
     0.710000000000E+01     0.578186988831E+02
     0.711000000000E+01    -0.516077079773E+02
     0.712000000000E+01     0.382129020691E+02
     0.713000000000E+01    -0.198055877686E+02
     0.714000000000E+01    -0.139216279984E+01
     0.715000000000E+01     0.234219398499E+02
     0.716000000000E+01    -0.449412498474E+02
     0.717000000000E+01     0.653552246094E+02
     0.718000000000E+01    -0.846007843018E+02
     0.719000000000E+01     0.102723892212E+03
     0.720000000000E+01    -0.119328353882E+03
     0.721000000000E+01     0.133141036987E+03
     0.722000000000E+01    -0.141988189697E+03
     0.723000000000E+01     0.143461700439E+03
     0.724000000000E+01    -0.136056442261E+03
     0.725000000000E+01     0.120168945312E+03
     0.726000000000E+01    -0.982729110718E+02
     0.727000000000E+01     0.741335906982E+02
     0.728000000000E+01    -0.514810485840E+02
     0.729000000000E+01     0.328660545349E+02
     0.730000000000E+01    -0.191771392822E+02
     0.731000000000E+01     0.990002727509E+01
     0.732000000000E+01    -0.380426836014E+01
     0.733000000000E+01    -0.346653610468E+00
     0.734000000000E+01     0.337872123718E+01
     0.735000000000E+01    -0.563768100739E+01
     0.736000000000E+01     0.714576196671E+01
     0.737000000000E+01    -0.779202747345E+01
     0.738000000000E+01     0.747001981735E+01
     0.739000000000E+01    -0.616137742996E+01
     0.740000000000E+01     0.400428247452E+01
     0.741000000000E+01    -0.132314348221E+01
     0.742000000000E+01    -0.141798341274E+01
     0.743000000000E+01     0.375026702881E+01
     0.744000000000E+01    -0.535608291626E+01
     0.745000000000E+01     0.616525983810E+01
     0.746000000000E+01    -0.633987569809E+01
     0.747000000000E+01     0.617040061951E+01
     0.748000000000E+01    -0.593910598755E+01
     0.749000000000E+01     0.581516981125E+01
     0.750000000000E+01    -0.581303215027E+01
     0.751000000000E+01     0.582128190994E+01
     0.752000000000E+01    -0.567903995514E+01
     0.753000000000E+01     0.526674509048E+01
     0.754000000000E+01    -0.456884813309E+01
     0.755000000000E+01     0.368176269531E+01
     0.756000000000E+01    -0.276394915581E+01
     0.757000000000E+01     0.195999538898E+01
     0.758000000000E+01    -0.134143960476E+01
     0.759000000000E+01     0.895850062370E+00
     0.760000000000E+01    -0.560396015644E+00
     0.761000000000E+01     0.272085845470E+00
     0.762000000000E+01    -0.142215006053E-02
     0.763000000000E+01    -0.243953704834E+00
     0.764000000000E+01     0.439031839371E+00
     0.765000000000E+01    -0.565505504608E+00
     0.766000000000E+01     0.626021444798E+00
     0.767000000000E+01    -0.643599629402E+00
     0.768000000000E+01     0.651158332825E+00
     0.769000000000E+01    -0.677806079388E+00
     0.770000000000E+01     0.738084614277E+00
     0.771000000000E+01    -0.826738715172E+00
     0.772000000000E+01     0.920459270477E+00
     0.773000000000E+01    -0.985813081264E+00
     0.774000000000E+01     0.991496741772E+00
     0.775000000000E+01    -0.920446991920E+00
     0.776000000000E+01     0.777069807053E+00
     0.777000000000E+01    -0.586001157761E+00
     0.778000000000E+01     0.383138597012E+00
     0.779000000000E+01    -0.203109860420E+00
     0.780000000000E+01     0.690684691072E-01
     0.781000000000E+01     0.114931901917E-01
     0.782000000000E+01    -0.445074401796E-01
     0.783000000000E+01     0.434854812920E-01
     0.784000000000E+01    -0.234395414591E-01
     0.785000000000E+01    -0.302168563940E-02
     0.786000000000E+01     0.271387975663E-01
     0.787000000000E+01    -0.438335351646E-01
     0.788000000000E+01     0.510895699263E-01
     0.789000000000E+01    -0.493062585592E-01
     0.790000000000E+01     0.406282469630E-01
     0.791000000000E+01    -0.280816555023E-01
     0.792000000000E+01     0.147119564936E-01
     0.793000000000E+01    -0.295329047367E-02
     0.794000000000E+01    -0.562360743061E-02
     0.795000000000E+01     0.103381089866E-01
     0.796000000000E+01    -0.113147906959E-01
     0.797000000000E+01     0.933684129268E-02
     0.798000000000E+01    -0.557756563649E-02
     0.799000000000E+01     0.127691985108E-02
     0.800000000000E+01     0.253737904131E-02
     0.801000000000E+01    -0.518648000434E-02
     0.802000000000E+01     0.636876653880E-02
     0.803000000000E+01    -0.612174021080E-02
     0.804000000000E+01     0.475473841652E-02
     0.805000000000E+01    -0.273924367502E-02
     0.806000000000E+01     0.583098677453E-03
     0.807000000000E+01     0.128193921410E-02
     0.808000000000E+01    -0.256416387856E-02
     0.809000000000E+01     0.313692120835E-02
     0.810000000000E+01    -0.303097115830E-02
     0.811000000000E+01     0.240394426510E-02
     0.812000000000E+01    -0.148364529014E-02
     0.813000000000E+01     0.504374911543E-03
     0.814000000000E+01     0.344999425579E-03
     0.815000000000E+01    -0.945000676438E-03
     0.816000000000E+01     0.124905328266E-02
     0.817000000000E+01    -0.127380271442E-02
     0.818000000000E+01     0.108347099740E-02
     0.819000000000E+01    -0.767120218370E-03
     0.820000000000E+01     0.415305315983E-03
     0.821000000000E+01    -0.101760233520E-03
     0.822000000000E+01    -0.124590238556E-03
     0.823000000000E+01     0.241075060330E-03
     0.824000000000E+01    -0.248963915510E-03
     0.825000000000E+01     0.169654769707E-03
     0.826000000000E+01    -0.376743118977E-04
     0.827000000000E+01    -0.108046457171E-03
     0.828000000000E+01     0.233005193877E-03
     0.829000000000E+01    -0.313488475513E-03
     0.830000000000E+01     0.340508035151E-03
     0.831000000000E+01    -0.320377323078E-03
     0.832000000000E+01     0.271392287686E-03
     0.833000000000E+01    -0.216209256905E-03
     0.834000000000E+01     0.172924090293E-03
     0.835000000000E+01    -0.148864535731E-03
     0.836000000000E+01     0.140255593578E-03
     0.837000000000E+01    -0.136854694574E-03
     0.838000000000E+01     0.128403422423E-03
     0.839000000000E+01    -0.109279215394E-03
     0.840000000000E+01     0.799754488980E-04
     0.841000000000E+01    -0.456977468275E-04
     0.842000000000E+01     0.135473055707E-04
     0.843000000000E+01     0.104810715129E-04
     0.844000000000E+01    -0.235634815908E-04
     0.845000000000E+01     0.266264178208E-04
     0.846000000000E+01    -0.233035389101E-04
     0.847000000000E+01     0.179686649062E-04
     0.848000000000E+01    -0.138495825013E-04
     0.849000000000E+01     0.121583152577E-04
     0.850000000000E+01    -0.123897953017E-04
     0.851000000000E+01     0.133256280606E-04
     0.852000000000E+01    -0.139631265483E-04
     0.853000000000E+01     0.139299663715E-04
     0.854000000000E+01    -0.133610656121E-04
     0.855000000000E+01     0.125605811263E-04
     0.856000000000E+01    -0.117242861961E-04
     0.857000000000E+01     0.108577187348E-04
     0.858000000000E+01    -0.983359495876E-05
     0.859000000000E+01     0.850925243867E-05
     0.860000000000E+01    -0.682538893670E-05
     0.861000000000E+01     0.486392173116E-05
     0.862000000000E+01    -0.284019142782E-05
     0.863000000000E+01     0.103516163108E-05
     0.864000000000E+01     0.314146177516E-06
     0.865000000000E+01    -0.110909240902E-05
     0.866000000000E+01     0.142335966302E-05
     0.867000000000E+01    -0.145490650993E-05
     0.868000000000E+01     0.142771136780E-05
     0.869000000000E+01    -0.149466859511E-05
     0.870000000000E+01     0.169200734490E-05
     0.871000000000E+01    -0.195622146748E-05
     0.872000000000E+01     0.218272361963E-05
     0.873000000000E+01    -0.228527346735E-05
     0.874000000000E+01     0.222891571866E-05
     0.875000000000E+01    -0.202936121241E-05
     0.876000000000E+01     0.173288560745E-05
     0.877000000000E+01    -0.139310873237E-05
     0.878000000000E+01     0.105651258764E-05
     0.879000000000E+01    -0.757336636070E-06
     0.880000000000E+01     0.518060062404E-06
     0.881000000000E+01    -0.350026539309E-06
     0.882000000000E+01     0.253120418847E-06
     0.883000000000E+01    -0.215611535737E-06
     0.884000000000E+01     0.216772789940E-06
     0.885000000000E+01    -0.232335096939E-06
     0.886000000000E+01     0.241222466002E-06
     0.887000000000E+01    -0.230638093512E-06
     0.888000000000E+01     0.197953625047E-06
     0.889000000000E+01    -0.149090013224E-06
     0.890000000000E+01     0.947022584796E-07
     0.891000000000E+01    -0.456687274664E-07
     0.892000000000E+01     0.950329948068E-08
     0.893000000000E+01     0.114241895943E-07
     0.894000000000E+01    -0.194972678003E-07
     0.895000000000E+01     0.198618863578E-07
     0.896000000000E+01    -0.178316970079E-07
     0.897000000000E+01     0.169073075540E-07
     0.898000000000E+01    -0.180747417033E-07
     0.899000000000E+01     0.203971293189E-07
     0.900000000000E+01    -0.222392113614E-07
     0.901000000000E+01     0.223903562357E-07
     0.902000000000E+01    -0.205849204349E-07
     0.903000000000E+01     0.174059984204E-07
     0.904000000000E+01    -0.138170159758E-07
     0.905000000000E+01     0.106648636589E-07
     0.906000000000E+01    -0.836713454078E-08
     0.907000000000E+01     0.687292800450E-08
     0.908000000000E+01    -0.583468517945E-08
     0.909000000000E+01     0.486882045792E-08
     0.910000000000E+01    -0.375691922017E-08
     0.911000000000E+01     0.251160248155E-08
     0.912000000000E+01    -0.130640476215E-08
     0.913000000000E+01     0.343725353735E-09
     0.914000000000E+01     0.260589771983E-09
     0.915000000000E+01    -0.520370246893E-09
     0.916000000000E+01     0.548556755575E-09
     0.917000000000E+01    -0.484606188511E-09
     0.918000000000E+01     0.428718782697E-09
     0.919000000000E+01    -0.413043765857E-09
     0.920000000000E+01     0.415217499272E-09
     0.921000000000E+01    -0.393934829201E-09
     0.922000000000E+01     0.322769172501E-09
     0.923000000000E+01    -0.205391620378E-09
     0.924000000000E+01     0.711283323906E-10
     0.925000000000E+01     0.418723181128E-10
     0.926000000000E+01    -0.104582162375E-09
     0.927000000000E+01     0.108390400821E-09
     0.928000000000E+01    -0.657059753828E-10
     0.929000000000E+01     0.160893791779E-11
     0.930000000000E+01     0.584705409090E-10
     0.931000000000E+01    -0.983885750649E-10
     0.932000000000E+01     0.114434753340E-09
     0.933000000000E+01    -0.112056086632E-09
     0.934000000000E+01     0.998592042389E-10
     0.935000000000E+01    -0.847237210944E-10
     0.936000000000E+01     0.701018409988E-10
     0.937000000000E+01    -0.568836644455E-10
     0.938000000000E+01     0.451213025277E-10
     0.939000000000E+01    -0.350705783858E-10
     0.940000000000E+01     0.272376479010E-10
     0.941000000000E+01    -0.218824160181E-10
     0.942000000000E+01     0.186860232149E-10
     0.943000000000E+01    -0.168451658872E-10
     0.944000000000E+01     0.154794423807E-10
     0.945000000000E+01    -0.140011691477E-10
     0.946000000000E+01     0.122482987294E-10
     0.947000000000E+01    -0.103604494775E-10
     0.948000000000E+01     0.855877781841E-11
     0.949000000000E+01    -0.697463441168E-11
     0.950000000000E+01     0.561092491913E-11
     0.951000000000E+01    -0.440120422746E-11
     0.952000000000E+01     0.329493051766E-11
     0.953000000000E+01    -0.229592885502E-11
     0.954000000000E+01     0.144521200562E-11
     0.955000000000E+01    -0.776262029916E-12
     0.956000000000E+01     0.287897120423E-12
     0.957000000000E+01     0.518257278184E-13
     0.958000000000E+01    -0.281199597028E-12
     0.959000000000E+01     0.425607493042E-12
     0.960000000000E+01    -0.494431535644E-12
     0.961000000000E+01     0.491932666477E-12
     0.962000000000E+01    -0.428745282549E-12
     0.963000000000E+01     0.325972728627E-12
     0.964000000000E+01    -0.210091994257E-12
     0.965000000000E+01     0.104569598694E-12
     0.966000000000E+01    -0.234576033863E-13
     0.967000000000E+01    -0.296294632167E-13
     0.968000000000E+01     0.581977906621E-13
     0.969000000000E+01    -0.670545162364E-13
     0.970000000000E+01     0.558192611599E-13
     0.971000000000E+01    -0.107157113247E-13
     0.972000000000E+01    -0.109311885444E-12
     0.973000000000E+01     0.400480701119E-12
     0.974000000000E+01    -0.106763166016E-11
     0.975000000000E+01     0.251590805481E-11
     0.976000000000E+01    -0.548632493602E-11
     0.977000000000E+01     0.112196866381E-10
     0.978000000000E+01    -0.215906442030E-10
     0.979000000000E+01     0.390936519268E-10
     0.980000000000E+01    -0.665111507536E-10
     0.981000000000E+01     0.106108594133E-09
     0.982000000000E+01    -0.158349680590E-09
     0.983000000000E+01     0.220433116205E-09
     0.984000000000E+01    -0.285325707505E-09
     0.985000000000E+01     0.342155637156E-09
     0.986000000000E+01    -0.378534315004E-09
     0.987000000000E+01     0.384486192884E-09
     0.988000000000E+01    -0.356527335432E-09
     0.989000000000E+01     0.299805846815E-09
     0.990000000000E+01    -0.226803617553E-09
     0.991000000000E+01     0.152861334701E-09
     0.992000000000E+01    -0.906856950644E-10
     0.993000000000E+01     0.466335720040E-10
     0.994000000000E+01    -0.203706825713E-10
     0.995000000000E+01     0.735245545003E-11
     0.996000000000E+01    -0.210615682880E-11
     0.997000000000E+01     0.449198593903E-12
     0.998000000000E+01    -0.634566794185E-13
     0.999000000000E+01     0.445791576667E-14
