 Steps; Decreasing; Stretching; L1; L2
           800; 0.7147228E-01;-0.6250000E-02; 0.5779786E-09; 0.4475069E-02
          1600; 0.3773409E-01;-0.3750000E-02; 0.1106561E-09; 0.2363937E-02
          3200; 0.1941507E-01;-0.1562500E-02; 0.3204227E-10; 0.1216521E-02
          6400; 0.9851339E-02;-0.7812500E-03; 0.1195488E-10; 0.6173116E-03
         12800; 0.4962522E-02;-0.4687500E-03; 0.5135836E-11; 0.3109733E-03
           800; 0.7147228E-01;-0.6250000E-02; 0.5779786E-09; 0.4475069E-02
           100; 0.0000000E+00; 0.1800000E+00; 0.2010000E+00; 0.2234582E+00
           100; 0.0000000E+00; 0.1800000E+00; 0.2010000E+00; 0.2234582E+00
           100; 0.3376074E+00;-0.3000000E-01; 0.3017488E-08; 0.2060755E-01
           100; 0.3376074E+00;-0.3000000E-01; 0.3017488E-08; 0.2060755E-01
           100; 0.3376074E+00;-0.3000000E-01; 0.3017488E-08; 0.2060755E-01
           100; 0.6382668E-85; 0.1000000E-01;-0.1414073E-42; 0.9851949E-84
           100; 0.5419204E-85; 0.1000000E-01;-0.1200823E-42; 0.7104271E-84
           100; 0.4585308E-85; 0.1000000E-01;-0.1015998E-42; 0.5085710E-84
           100; 0.6407560E-85; 0.1000000E+02;-0.1419590E-39; 0.9928973E-81
           100; 0.5767697E-85; 0.1000000E-01;-0.1278064E-42; 0.8047572E-84
           100; 0.7627288E-85; 0.1000000E-01;-0.1689931E-42; 0.1407051E-83
           100; 0.0000000E+00; 0.1800000E+00; 0.2010000E+00; 0.2234582E+00
            50; 0.4932070E+00;-0.6000000E-01; 0.5108752E-04; 0.2859858E-01
            50; 0.5034488E+00;-0.6000000E-01; 0.5647954E-04; 0.2925129E-01
            50; 0.8108648E+00;-0.4000000E-01; 0.6325719E-01; 0.5704367E-01
