           100; 0.1000000E+01; 0.9900000E+00; 0.1000000E+01; 0.1000000E+01
           100; 0.1000000E+01; 0.9900000E+00; 0.1000000E+01; 0.1000000E+01
           100; 0.1000000E+01; 0.9900000E+00; 0.1000000E+01; 0.1000000E+01
           100; 0.1000000E+01; 0.9900000E+00; 0.1000000E+01; 0.1000000E+01
           100; 0.1000000E+01; 0.9900000E+00; 0.1000000E+01; 0.1000000E+01
           100; 0.1000000E+01; 0.9900000E+00; 0.1000000E+01; 0.1000000E+01
           100; 0.1000000E+01; 0.9900000E+00; 0.1000000E+01; 0.1000000E+01
           100; 0.1000000E+01; 0.9900000E+00; 0.1000000E+01; 0.1000000E+01
           100; 0.1000000E+01; 0.9900000E+00; 0.1000000E+01; 0.1000000E+01
           100; 0.1000000E+01; 0.9900000E+00; 0.1000000E+01; 0.1000000E+01
           100; 0.1000000E+01; 0.9900000E+00; 0.1000000E+01; 0.1000000E+01
           100; 0.1000000E+01; 0.9900000E+00; 0.1000000E+01; 0.1000000E+01
           100; 0.1000000E+01; 0.9900000E+00; 0.1000000E+01; 0.1000000E+01
           100; 0.1000000E+01; 0.9900000E+00; 0.1000000E+01; 0.1000000E+01
           100; 0.1000000E+01; 0.9900000E+00; 0.1000000E+01; 0.1000000E+01
           100; 0.1000000E+01; 0.9900000E+00; 0.1000000E+01; 0.1000000E+01
           100; 0.1000000E+01; 0.9900000E+00; 0.1000000E+01; 0.1000000E+01
           100; 0.1000000E+01; 0.9900000E+00; 0.1000000E+01; 0.1000000E+01
           100; 0.1000000E+01; 0.9900000E+00; 0.1000000E+01; 0.1000000E+01
           100; 0.1000000E+01; 0.9900000E+00; 0.1000000E+01; 0.1000000E+01
           100; 0.1000000E+01; 0.9900000E+00; 0.1000000E+01; 0.1000000E+01
           100; 0.1000000E+01; 0.9900000E+00; 0.1000000E+01; 0.1000000E+01
           100; 0.1000000E+01; 0.9900000E+00; 0.1000000E+01; 0.1000000E+01
           100; 0.1000000E+01; 0.9900000E+00; 0.1000000E+01; 0.1000000E+01
           100; 0.1000000E+01; 0.9900000E+00; 0.1000000E+01; 0.1000000E+01
           100; 0.1000000E+01; 0.9900000E+00; 0.1000000E+01; 0.1000000E+01
           100; 0.1000000E+01; 0.9900000E+00; 0.1000000E+01; 0.1000000E+01
           100; 0.1000000E+01; 0.9900000E+00; 0.1000000E+01; 0.1000000E+01
           100; 0.1000000E+01; 0.9900000E+00; 0.1000000E+01; 0.1000000E+01
           100; 0.1000000E+05; 0.3000000E+00; 0.3333500E+04; 0.2000000E+08
           100; 0.1000000E+05; 0.3000000E+00; 0.3333500E+04; 0.2000000E+08
           100; 0.1000000E+05; 0.3000000E+00; 0.3333500E+04; 0.2000000E+08
           100; 0.1000000E+05; 0.3000000E+00; 0.3333500E+04; 0.2000000E+08
           100; 0.1000000E+05; 0.3000000E+00; 0.3333500E+04; 0.2000000E+08
           100; 0.2500000E+04; 0.3000000E+00; 0.8333750E+03; 0.1250000E+07
           100; 0.2500000E+04; 0.3000000E+00; 0.8333750E+03; 0.1250000E+07
           100; 0.2500000E+04; 0.3000000E+00; 0.8333750E+03; 0.1250000E+07
           100; 0.2500000E+04; 0.3000000E+00; 0.8333750E+03; 0.1250000E+07
           100; 0.2500000E+04; 0.3000000E+00; 0.8333750E+03; 0.1250000E+07
           100; 0.2500000E+04; 0.3000000E+00; 0.8333750E+03; 0.1250000E+07
           100; 0.2500000E+04; 0.3000000E+00; 0.8333750E+03; 0.1250000E+07
           100; 0.2500000E+04; 0.3000000E+00; 0.8333750E+03; 0.1250000E+07
           100; 0.1250000E+06; 0.2100000E+00; 0.3125313E+05; 0.2232221E+10
           100; 0.2500000E+04; 0.3000000E+00; 0.8333750E+03; 0.1250000E+07
           100; 0.2500000E+04; 0.3000000E+00; 0.8333750E+03; 0.1250000E+07
           100; 0.2500000E+04; 0.3000000E+00; 0.8333750E+03; 0.1250000E+07
           100; 0.2500000E+04; 0.3000000E+00; 0.8333750E+03; 0.1250000E+07
           100; 0.2500000E+04; 0.3000000E+00; 0.8333750E+03; 0.1250000E+07
           100; 0.1000000E+05; 0.3000000E+00; 0.3333500E+04; 0.2000000E+08
           100; 0.1000000E+05; 0.3000000E+00; 0.3333500E+04; 0.2000000E+08
           100; 0.1000000E+05; 0.3000000E+00; 0.3333500E+04; 0.2000000E+08
           100; 0.1000000E+05; 0.3000000E+00; 0.3333500E+04; 0.2000000E+08
           100; 0.1000000E+05; 0.3000000E+00; 0.3333500E+04; 0.2000000E+08
           100; 0.1000000E+05; 0.3000000E+00; 0.3333500E+04; 0.2000000E+08
           100; 0.1000000E+05; 0.3000000E+00; 0.3333500E+04; 0.2000000E+08
           100; 0.1000000E+05; 0.3000000E+00; 0.3333500E+04; 0.2000000E+08
           100; 0.1000000E+05; 0.3000000E+00; 0.3333500E+04; 0.2000000E+08
           100; 0.1000000E+03; 0.5000000E+00; 0.5000000E+02; 0.3333250E+04
           100; 0.1000000E+03; 0.5000000E+00; 0.5000000E+02; 0.3333250E+04
           100; 0.1000000E+03; 0.5000000E+00; 0.5000000E+02; 0.3333250E+04
           100; 0.1000000E+05; 0.3000000E+00; 0.3333500E+04; 0.2000000E+08
           100; 0.1000000E+05; 0.3000000E+00; 0.3333500E+04; 0.2000000E+08
           100; 0.1000000E+05; 0.3000000E+00; 0.3333500E+04; 0.2000000E+08
           100; 0.1000000E+05; 0.3000000E+00; 0.3333500E+04; 0.2000000E+08
           100; 0.1000000E+05; 0.3000000E+00; 0.3333500E+04; 0.2000000E+08
           100; 0.1000000E+05; 0.3000000E+00; 0.3333500E+04; 0.2000000E+08
           100; 0.1000000E+05; 0.3000000E+00; 0.3333500E+04; 0.2000000E+08
